635.28870862 0.0000000000 687.78203398 0.0000000000 0.0000000000 634.96044645 484.83044419 0.00000000 0.0000000000 0.0000000000 1.0000000000 0.00000000
-0.06145207 0.0143845 0.00377158 -0.00740458
631.53539685 0.0000000000 692.0639368 0.0000000000 0.0000000000 631.64433547 506.02061981 0.0000000000 0.0000000000 0.0000000000 1.0000000000 0.0000000000
-0.05837641 0.01963079 -0.01911008 0.00844685
0.99996073 0.00324764 0.00824548 -0.00319247 0.9999725 -0.00669458 -0.008267 0.00666799 0.9999436
-1.68332853e+00 -9.57257505e-03 -1.28222982e-03
0.99991982 0.00893911 0.00896895 -0.00890899 0.99995456 -0.00339185 -0.00899886 0.00331168 0.99995403
479.86759567 0.0000000000 755.26780535 0.0000000000 0.0000000000 479.86759567 503.05015455 0.0000000000 0.0000000000 0.0000000000 1.0000000000 0.0000000000
9.99983541e-01 5.68660087e-03 7.61710318e-04 -5.68912206e-03 9.99978207e-01 3.34967766e-03 -7.42645438e-04 -3.35395599e-03 9.99994100e-01
479.86759567 0.0000000000 769.83101049 -807.78811057 0.0000000000 479.86759567 503.05015455 0.0000000000 0.0000000000 0.0000000000 1.0000000000 0.0000000000
1.00000000e+00 0.00000000e+00 0.00000000e+00 -7.55267805e+02 0.00000000e+00 1.00000000e+00 0.00000000e+00 -5.03050155e+02 0.00000000e+00 0.00000000e+00 0.00000000e+00 4.79867596e+02 0.00000000e+00 0.00000000e+00 5.94051323e-01 8.65129128e+00